$ 1 0.000005 10.20027730826997 53 5 50 5e-11
r 128 96 240 96 0 9000
r 352 224 352 320 0 15000
r 448 224 448 320 0 6000
g 352 320 352 352 0 0
g 448 320 448 352 0 0
i 64 176 64 272 0 0.001
w 128 96 64 96 0
g 64 272 64 352 0 0
a 144 160 256 160 8 15 -15 1000000 0 0 100000
g 144 176 144 224 0 0
w 320 96 320 160 0
w 304 160 320 160 0
w 320 160 352 160 0
w 352 160 448 160 0
w 64 96 64 144 0
w 64 144 64 176 0
w 128 16 128 96 0
w 240 16 240 96 0
w 144 144 64 144 0
370 256 160 304 160 1 0 0
370 320 96 240 96 1 0 0
370 352 160 352 224 1 0 0
370 448 160 448 224 1 0 0
p 240 16 128 16 3 0 0
207 256 160 256 208 4 i0\s\q\s3.1\smA
207 320 160 384 96 4 V0\s\q\s9V
207 352 224 272 256 4 ix\s\q\s0.6mA
207 448 224 528 256 4 iy\s\q\s1.5mA
207 144 176 208 288 4 V\p\s\q\s0V
207 144 144 96 128 4 V-\s\q\sV\p\s\q\s0V
o 23 64 0 4098 10 0.1 0 1
