$ 1 0.000005 4.818269829109882 67 5 50 5e-11
r 96 32 208 32 0 10000
r 96 96 208 96 0 15000
r 96 208 208 208 0 20000
r 96 288 208 288 0 30000
r 272 288 272 368 0 60000
r 320 32 432 32 0 375000
a 320 144 448 144 8 300 -300 1000000 4.167145529255588 4.166666666666666 100000
w 208 96 208 128 0
w 208 128 320 128 0
w 208 32 208 96 0
w 320 32 320 128 0
w 432 32 448 32 0
w 448 32 448 144 0
w 320 160 272 160 0
w 272 160 272 288 0
w 208 272 208 288 0
w 208 288 272 288 0
v 48 32 96 32 0 0 40 5 0 0 0.5
v 48 96 96 96 0 0 40 5 0 0 0.5
v 48 208 96 208 0 0 40 5 0 0 0.5
v 48 288 96 288 0 0 40 5 0 0 0.5
207 48 -16 48 -48 4 Todas\sas\sFontes\sDC\spossuem\s5V
g 48 32 16 32 0 0
g 48 96 16 96 0 0
g 48 208 16 208 0 0
g 48 288 16 288 0 0
g 272 368 272 400 0 0
p 480 144 608 144 3 0 0
w 448 144 480 144 0
g 608 144 656 144 0 0
207 480 144 480 208 4 Vo\s\q\s(127/4)*VR4\s\p\s(127/6)*VR5\s–\s(75/2)*VR1\s–\s25*VB
w 208 208 208 272 0
w 48 -16 48 32 0
p 336 288 336 368 3 0 0
w 272 288 336 288 0
w 336 368 272 368 0
p 320 -32 432 -32 3 0 0
w 320 32 320 -32 0
w 432 -32 432 32 0
