$ 1 0.000005 10.20027730826997 50 5 50 5e-11
v 64 112 160 112 0 0 40 5 0 0 0.5
r 160 112 256 112 0 100
a 304 128 448 128 8 15 -15 1000000 0 0 100000
w 256 112 304 112 0
w 304 144 256 144 0
w 256 144 256 224 0
w 256 224 448 224 0
w 448 128 448 224 0
w 448 128 528 128 0
w 528 128 528 160 0
r 528 160 528 240 0 1000
g 528 240 528 288 0 0
g 64 112 32 112 0 0
p 576 160 576 240 3 0 0
w 576 160 528 160 0
w 576 240 528 240 0
p 160 48 64 48 3 0 0
w 64 48 64 112 0
w 160 48 160 112 0
207 160 48 240 32 4 Vin\s\q\s5V
207 576 160 576 64 4 Vout\s\q\sVin\s\q\s5V
207 304 112 384 48 4 Buffer\sSeguidor\sde\sTensão
