$ 1 0.000005 10.20027730826997 50 5 50 5e-11
r 48 144 160 144 0 20000
g 48 144 48 192 0 0
r 224 64 336 64 0 100000
w 160 64 160 144 0
w 160 144 160 192 0
a 240 208 336 208 8 5 -5 1000000 0 0 100000
w 400 64 400 208 0
w 400 64 336 64 0
w 160 64 224 64 0
w 400 208 336 208 0
w 240 192 160 192 0
w 240 224 160 224 0
w 160 224 160 272 0
v 160 272 160 368 0 1 1000 0.25 0 0 0.5
g 160 448 160 496 0 0
v 160 448 160 368 0 0 40 0.75 0 0 0.5
p 400 64 592 64 3 0 0
g 592 64 592 112 0 0
207 400 64 496 0 4 Vo\s\q\s-3V\saté\s5V
207 160 272 320 272 4 V\p\s\q\s500mV\saté\s1V
207 272 176 272 128 4 OpAmp\sde-5V\saté\s\p5V
207 160 320 288 320 4 Fonte\sAC\sde\s250mV\sPico\sa\sPico
207 160 400 304 400 4 Fonte\sDC\sde\s750mV
o 12 8 0 4099 2.5 0.00009765625 0 2 12 3
o 16 8 0 4098 10 0.1 1 1
